1493
1504
1473
1473
1474
1473
1477
1467
1481
1481
1468
1476
1501
1473
1512
1496
1500
1498
1472
1495
1495
1473
1487
1505
1588
1537
1498
1482
1531
1544
1550
1582
1489
1528
1489
1530
1552
1488
1532
1537
1538
1551
1537
1554
1487
1536
1515
1490
1533
1489
1531
1531
1493
1552
1553
1522
1535
1512
1541
1503
1520
1542
1543
1515
1538
1554
1514
1555
1554
1555
1555
1552
1744
1536
1517
1554
1554
1507
1490
1551
1533
1504
1502
1559
1520
1542
1542
1542
1542
1561
1538
1539
1542
1511
1507
1522
1525
1512
1494
1497
1530
1526
1540
1538
1539
1539
1539
1539
1539
1503
1505
1503
1518
1541
1568
1528
1508
1551
1552
1543
1543
1561
1489
1533
1525
1534
1519
1519
1537
1548
1550
1486
1524
1524
1516
1534
1532
1537
1537
1540
1480
1517
1544
1544
1544
1490
1536
1536
1531
1472
1529
1542
1542
1536
1537
1519
1542
1525
1543
1489
1537
1491
1502
1519
1486
1502
1501
1499
1530
1527
1529
1560
1555
1555
1525
1528
1531
1526
1529
1531
1538
1540
1526
1531
1527
1525
1527
1527
1528
1525
1525
1527
1527
1529
1542
1526
1535
1521
1531
1528
1527
1525
1550
1524
1543
1549
1549
1530
1527
1531
1530
1532
1524
1530
1528
1526
1528
1531
1531
1540
1530
1488
1489
1519
1562
1559
1549
1528
1518
1522
1530
1517
1545
1544
1543
1542
1542
1542
1540
1546
1545
1546
1545
1542
1543
1487
1492
1499
1506
1474
1501
1494
1493
1491
1504
1537
1496
1514
1486
1426
1505
1496
1486
1549
1531
1543
1490
1491
1500
1490
2290
1843
1843
1799
1801
1807
1813
1878
1808
1808
1784
1808
1701
1663
1723
1643
1901
1780
1773
2018
1780
1776
1782
1775
1775
1798
1763
1720
1787
1772
1799
1802
1805
1807
1809
1798
1995
1824
1882
1946
1773
1814
1804
1802
1452
1807
1819
1806
1771
1804
1823
1782
1781
1870
1798
1849
1826
2204
1804
1830
1803
1869
1813
1831
1795
2028
2019
1793
1808
1794
1863
1778
1774
1770
1771
1812
1796
1804
1820
2090
2145
1797
1772
1810
2063
2230
2147
1771
1809
1771
1864
1872
1825
1804
1800
1803
1891
1810
1808
1770
1771
1807
1806
2252
1798
2315
1805
1572
1793
1867
1410
1916
1920
1868
1775
1768
1798
1772
1244
1826
1826
1805
958
940
964
955
963
955
697
1257
957
954
966
784
956
962
950
968
957
951
951
956
954
954
954
953
956
959
958
969
952
957
944
958
957
953
952
1861
953
971
968
965
962
1987
959
958
945
962
1962
1495
1542
1542
1518
1522
1542
1518
1522
1480
1497
1483
1519
1519
1435
1800
1432
1550
1826
2741
1815
612
670
621
1812
1810
1811
2394
1918
1560
712
952
939
985
972
951
983
971
1376
951
989
794
794
1200
1551
1437
976
1990
979
953
956
952
1974
1138
1876
1509
1900
944
1779
1449
933
1519
878
1178
1677
949
1675
937
960
1977
1686
948
1957
1669
1614
1496
1515
1484
1517
1508
1496
1588
1491
1805
1805
1791
1322
1770
1395
1772
1356
1771
1800
1404
1280
1765
1392
1394
1390
1765
1765
1772
1770
1801
1793
1808
1413
1830
1837
1807
1802
1802
1778
1343
1786
1815
1778
1786
1804
1360
1793
1797
1483
1294
1796
1295
1314
1297
1781
1295
1234
1298
1793
1304
1793
1357
1788
1769
1366
1318
1770
1319
1383
1352
1352
1812
1809
1810
1371
1783
1356
1297
1245
1242
1232
1232
1232
1770
1247
1251
1300
1232
1233
1234
1231
1235
1352
1244
1280
1806
1778
1287
1472
1372
1807
1389
1771
1807
1771
1398
1398
1254
1305
1793
1794
1841
1771
1784
1790
1802
1370
1807
1787
1796
1388
1806
1362
1808
1780
1792
1801
1399
1259
1364
1231
1248
1402
14
14
14
1513
1174
1513
1513
1513
1513
1514
1514
1514
1514
1512
1532
1528
1513
1532
1528
1517
1513
1688
1533
1466
1526
1526
1526
1526
1526
1530
1530
1521
1522
1522
1522
1733
1530
1530
1673
1673
1673
1527
1511
1716
1716
1667
1793
1694
1505
1553
1553
1687
1687
1660
1530
1530
1530
1530
1530
1530
1530
1530
1685
1530
1530
1530
1530
1530
1530
1528
1529
1524
1525
1496
1609
1609
1530
1530


