2925
2930
2930
3029
2903
2895
2920
2821
2880
2926
2878
2882
3009
2882
2927
2910
2896
2910
2910
2906
2907
2942
2941
2880
2880
2904
2913
2901
2897
2968
2903
2958
2901
2928
2932
2917
3122
3094
2905
2890
2890
2893
2893
2867
2763
2759
3120
2923
2924
3023
2953
2915
2902
2877
2700
2985
3539
2850
3541
3946
4381
3554
1035
1148
1077
953
1915
1341
1335
1024
1275
1333
1279
1244
1411
1360
4216
1640
3514
2926
2904
2930
2930
2904
2913
2904
19
19
27
24
2738
27
27
27
2828
2774
2876
2774
2774
2774
2774
2876
2876
2876
2878
2876
2882
2876
2879
2876
2876
2791
2766
2770
2791
2884
2884
2884
2765
2943
2943
2880
2879
2879
2882
2888
2885
2916
2876
2884
2943
2943
2943
2943
2943
2882
2882
2881
2882
2879
2879
2879
2882
2882
2882
2879
2882
2958
2958
3009
3009
2876
2884
2884
2876
2876
2876
2876
2876
2876
2876
2995
2766
2766
2958
2958
2937
2937
2937
2802
2848
2848
18
3012
3012
3012
2958
2958
2891
2891
3032
2766
2766
2766
2766
2766
2765
2875
2875
2958
2958
2958
2958
2958
2958
2958
2958
2958
2958
2958
2958
2886
2886
2958
2958

