122
123
122
122
120
118
117
124
119
117
119
117
120
113
119
119
118
119
121
123
121
121
118
120
120
133
123
123
120
123
121
123
122
130
124
126
120
120
128
120
128
127
125
131
130
124
126
126
126
123
127
120
118
120
120
120
120
119
120
120
120
120
120
120
120
120
120
120
120
119
119
120
120
120
120
120
135
120
120
119
121
120
120
120
118
120
120
120
120
120
120
120
120
119
121
121
121
121
121
120
120
120
120
120
120
120
120
120
120
121
120
120
121
120
120
120
131
120
119
119
120
120
120
120
120
120
120
120
120
130
120
121
121
121
119
120
120
120
120
120
119
120
120
120
120
120
120
41
120
25
42
24
24
60
40
60
41
37
68
122
55

