262
267
294
310
341
309
346
344
229
316
294
385
294
330
294
364
320
402
294
385
457
408
411
243
397
346
397
412
408
414
417
401
361
293
376
390
345
328
388
398
340
425
376
331
308
318
386
197
395
395
196
351
399
399
327
249
406
406
336
332
388
351
333
302
394
381
381
275
408
398
408
398
408
369
467
370
301
294
334
379
316
376
354
328
301
301
421
298
251
334
302
357
302
305
301
357
301
301
360
406
447
486
273
359
359
294
383
307
377
377
317
389
331
302
331
252
296
349
355
307
301
295
278
293
281
285
293
327
355
293
281
318
303
318
356
311
312
285
330
377
320
367
328
342
375
377
342
475
316
317
323
317
340
362
433
375
289
383
265
219
328
301
327
327
326
326
331
349
339
313
312
344
339
350
347
347
313
319
298
321
340
411
351
331
384
398
371
422
356
302
244
412
301
384
416
252
423
325
233
320
289
305
306
369
304
293
293
293
294
234
433
434
234
336
312
281
285
266
266
308
360
474
326
266
360
360
398
307
292
273
310
278
393
389
391
299
303
359
330
306
297
350
301
293
333
311
330
354
330
398
189
481
329
272
387
387
320
232
383
295
320
303
376
314
294
320
301
293
303
381
333
323
333
334
307
308
311
308
327
323
299
395
352
342
372
306
332
304
450
300
312
405
257
479
385
429
326
368
315
397
349
339
369
398
331
339
339
339
339
339
339
359
354
369
339
465
369
401
395
331
331
243
340
340
340
340
339
382
286
336
303
405
286
378
389
249
281
365
401
304
284
354
409
234
260
311
259
374
375
244
369
286
341
341
341
341
337
252
293
243
389
311
321
330
302
343
294
291
335
290
293
323
302
300
348
338
340
301
304
332
301
290
331
312
290
318
335
303
334
291
392
290
310
307
289
289
331
335
290
341
393
292
335
294
294
313
293
255
287
320
315
342
299
305
332
394
331
279
332
295
331
307
338
338
338
350
286
392
238
307
305
294
319
370
294
294
399
364
237
311
359
304
232
294
294
294
348
359
319
318
377
205
262
295
2520
905
556
526
468
539
526
454
487
543
456
456
429
394
430
605
506
1493
1504
1473
1473
1474
1473
1477
1467
1481
1481
1468
1476
1501
1473
1512
1496
1500
1498
1472
1495
1495
1473
1487
1505
1588
1537
1498
1482
1531
1544
1550
1582
1489
1528
1489
1530
1552
1488
1532
1537
1538
1551
1537
1554
1487
1536
1515
1490
1533
1489
1531
1531
1493
1552
1553
1522
1535
1512
1541
1503
1520
1542
1543
1515
1538
1554
1514
1555
1554
1555
1555
1552
1744
1536
1517
1554
1554
1507
1490
1551
1533
1504
1502
1559
1520
1542
1542
1542
1542
1561
1538
1539
1542
1511
1507
1522
1525
1512
1494
1497
1530
1526
1540
1538
1539
1539
1539
1539
1539
1503
1505
1503
1518
1541
1568
1528
1508
1551
1552
1543
1543
1561
1489
1533
1525
1534
1519
1519
1537
1548
1550
1486
1524
1524
1516
1534
1532
1537
1537
1540
1480
1517
1544
1544
1544
1490
1536
1536
1531
1472
1529
1542
1542
1536
1537
1519
1542
1525
1543
1489
1537
1491
1502
1519
1486
1502
1501
1499
1530
1527
1529
1560
1555
1555
1525
1528
1531
1526
1529
1531
1538
1540
1526
1531
1527
1525
1527
1527
1528
1525
1525
1527
1527
1529
1542
1526
1535
1521
1531
1528
1527
1525
1550
1524
1543
1549
1549
1530
1527
1531
1530
1532
1524
1530
1528
1526
1528
1531
1531
1540
1530
1488
1489
1519
1562
1559
1549
1528
1518
1522
1530
1517
1545
1544
1543
1542
1542
1542
1540
1546
1545
1546
1545
1542
1543
1487
1492
1499
1506
1474
1501
1494
1493
1491
1504
1537
1496
1514
1486
1426
1505
1496
1486
1549
1531
1543
1490
1491
1500
1490
2290
1843
1843
1799
1801
1807
1813
1878
1808
1808
1784
1808
1701
1663
1723
1643
1901
1780
1773
2018
1780
1776
1782
1775
1775
1798
1763
1720
1787
1772
1799
1802
1805
1807
1809
1798
1995
1824
1882
1946
1773
1814
1804
1802
1452
1807
1819
1806
1771
1804
1823
1782
1781
1870
1798
1849
1826
2204
1804
1830
1803
1869
1813
1831
1795
2028
2019
1793
1808
1794
1863
1778
1774
1770
1771
1812
1796
1804
1820
2090
2145
1797
1772
1810
2063
2230
2147
1771
1809
1771
1864
1872
1825
1804
1800
1803
1891
1810
1808
1770
1771
1807
1806
2252
1798
2315
1805
1572
1793
1867
1410
1916
1920
1868
1775
1768
1798
1772
1244
1826
1826
1805
958
940
964
955
963
955
697
1257
957
954
966
784
956
962
950
968
957
951
951
956
954
954
954
953
956
959
958
969
952
957
944
958
957
953
952
1861
953
971
968
965
962
1987
959
958
945
962
1962
1495
2925
2930
2930
3029
2903
2895
2920
2821
2880
2926
2878
2882
3009
2882
2927
2910
2896
2910
2910
2906
2907
2942
2941
2880
2880
2904
2913
2901
2897
2968
2903
2958
2901
2928
2932
2917
3122
3094
2905
2890
2890
2893
2893
2867
2763
2759
3120
2923
2924
3023
2953
2915
2902
2877
2700
2985
3539
2850
3541
3946
4381
3554
1035
1148
1077
953
1915
1341
1335
1024
1275
1333
1279
1244
1411
1360
4216
1640
3514
2926
122
123
122
122
120
118
117
124
119
117
119
117
120
113
119
119
118
119
121
123
121
121
118
1542
2904
120
2520
905
1542
1518
1522
2930
1542
1518
1522
2930
2904
120
506
2520
905
1480
1497
1483
1519
1519
1435
1800
1432
1550
1826
2741
1815
612
670
621
908
607
1058
1036
268
373
270
251
736
265
494
1053
1844
924
336
575
550
554
554
510
554
554
450
443
408
428
425
425
408
357
360
468
480
518
479
504
572
283
308
497
267
267
265
274
526
640
476
448
515
436
396
423
426
461
387
255
211
221
240
229
328
218
439
462
573
442
375
355
381
448
409
390
433
380
1155
392
1017
476
796
960
1107
561
437
240
210
260
259
234
371
423
415
451
451
447
451
429
602
1424
846
285
880
1710
1180
1524
2630
1860
1443
2154
1381
1210
611
373
623
555
617
679
646
343
1399
1780
2543
1979
2600
780
739
619
824
772
2609
659
1037
1165
696
770
759
755
990
708
1857
2110
2621
1640
1050
2729
1456
2474
1192
990
2440
990
625
912
1812
1810
1811
2394
1918
1560
712
952
939
985
972
951
983
971
1376
951
989
794
794
1200
1551
1437
976
1990
979
953
956
952
1974
1138
1876
1509
1900
944
1779
1449
933
1519
878
1178
1677
949
1675
937
960
1977
1686
948
1957
1669
1614
1031
503
566
537
523
1496
1515
1484
1517
1508
1496
1588
1491
1805
1805
1791
1322
1770
1395
1772
1356
1771
1800
1404
1280
1765
1392
1394
1390
1765
1765
1772
1770
1801
1793
1808
1413
1830
1837
1807
1802
1802
1778
1343
1786
1815
1778
1786
1804
1360
1793
1797
1483
1294
1796
1295
1314
1297
1781
1295
1234
1298
1793
1304
1793
1357
1788
1769
1366
1318
1770
1319
1383
1352
1352
1812
1809
1810
1371
1783
1356
1297
1245
1242
1232
1232
1232
1770
1247
1251
1300
1232
1233
1234
1231
1235
1352
1244
1280
1806
1778
1287
1472
1372
1807
1389
1771
1807
1771
1398
1398
1254
1305
1793
1794
1841
1771
1784
1790
1802
1370
1807
1787
1796
1388
1806
1362
1808
1780
1792
1801
1399
1259
1364
1231
1248
1402
2913
133
123
123
120
123
121
123
122
130
124
126
120
120
128
120
128
127
125
131
130
124
126
126
126
123
127
120
118
120
120
120
120
119
120
120
120
120
120
120
120
120
120
120
120
119
119
120
120
120
120
120
135
120
120
119
121
120
120
120
118
120
120
120
120
120
120
120
120
119
121
121
121
121
121
120
120
120
120
120
120
120
120
120
120
121
120
120
121
120
120
120
131
120
119
119
120
120
120
120
120
120
120
120
120
130
120
121
121
121
119
120
120
120
120
120
119
120
120
120
120
120
120
16
16
16
16
16
16
16
16
4
8
4
4
4
20
24
24
4
4
4
4
8
12
12
12
4
4
4
4
4
8
4
4
4
4
4
4
4
4
4
24
56
26
56
75
12
4
8
12
12
12
12
12
12
24
21
27
41
44
38
12
18
19
30
24
29
29
19
17
15
38
46
23
40
20
23
27
17
17
17
17
14
2904
120
18
43
43
28
21
84
19
19
104
24
36
29
30
29
76
16
16
25
22
13
19
76
30
20
20
36
27
27
27
27
27
27
27
27
29
14
22
17
14
76
17
545
27
28
27
27
12
316
494
16
20
315
13
13
13
13
13
30
19
19
13
13
13
75
26
10
22
22
14
28
22
17
36
31
21
21
23
16
46
22
13
34
22
14
14
23
22
22
25
92
32
22
22
22
32
17
24
17
30
32
28
28
70
29
28
28
314
24
30
19
24
19
17
17
17
38
25
12
20
23
31
26
16
82
42
27
24
18
18
18
18
16
42
25
22
36
30
29
24
46
96
96
24
33
46
15
22
23
55
34
77
77
2738
12
27
22
15
81
81
27
84
57
25
16
16
21
26
34
34
30
24
28
12
34
14
20
16
101
29
48
19
19
24
21
24
23
76
76
20
19
13
14
14
75
16
12
12
12
24
16
48
28
28
41
38
40
30
36
73
20
41
41
24
24
60
41
40
60
24
41
26
27
23
72
16
32
48
32
48
29
28
28
28
28
16
16
46
28
28
16
27
27
224
76
76
76
18
20
20
41
15
48
19
30
16
28
30
29
150
150
30
74
28
87
79
72
21
37
140
38
40
57
72
49
44
34
50
40
146
33
25
76
30
175
34
34
72
73
73
33
38
19
76
73
57
380
80
2828
75
500
499
22
1513
1174
35
169
150
32
152
232
74
74
18
81
67
67
116
15
1513
1513
1513
49
1513
120
74
12
1514
1514
1514
1514
34
1512
1532
1528
147
152
74
148
2774
1513
42
62
58
58
232
232
229
29
2876
16
16
2774
2774
2774
2774
2876
2876
22
2876
2878
2876
48
25
25
304
2882
57
29
126
42
97
31
2876
226
226
226
226
2879
128
152
68
82
116
28
55
1532
1528
1517
16
1513
10
152
152
2876
18
34
270
23
2876
2791
2766
2770
2791
2884
40
40
2884
2884
24
40
74
74
42
78
225
58
2765
58
69
12
1688
2943
1533
2943
41
42
39
2880
2879
2879
2882
38
116
44
29
76
15
74
74
74
74
75
75
2888
2885
188
51
32
10
34
38
36
40
21
50
49
42
302
94
1466
2916
23
23
2876
40
40
64
73
73
74
2884
24
152
66
35
27
34
32
12
17
78
77
22
27
228
22
38
74
33
38
98
222
101
67
155
35
122
16
55
29
29
29
18
73
73
73
73
70
72
74
67
1526
2943
1526
2943
1526
2943
1526
2943
1526
2943
2882
2882
2881
2882
2879
2879
2879
2882
2882
2882
2879
2882
1530
2958
1530
2958
3009
3009
2876
17
13
65
46
176
968
61
62
2884
32
47
1521
1522
1522
1522
36
46
46
46
27
27
27
27
20
12
15
16
233
71
68
116
46
46
2884
46
46
46
46
46
46
28
28
2876
2876
2876
2876
2876
2876
2876
98
98
2995
1733
31
98
47
17
17
31
31
31
45
162
27
19
18
52
46
48
48
48
96
44
48
45
18
32
101
2766
48
48
36
28
41
92
26
29
16
38
44
72
61
61
61
18
152
74
22
76
152
12
116
58
222
58
16
266
26
298
28
2766
20
86
27
72
23
25
40
28
28
41
1530
2958
1530
2958
36
36
144
12
30
31
54
65
31
1673
2937
19
19
46
46
1673
2937
1673
2937
61
61
42
42
29
60
28
36
21
23
156
34
156
34
30
30
27
28
27
27
27
27
154
150
150
150
152
152
248
30
34
34
78
78
61
60
2802
146
20
20
20
145
70
148
66
75
32
33
33
34
34
35
71
71
71
71
34
152
1527
15
30
16
30
68
68
68
68
68
23
23
44
42
42
42
42
42
34
14
56
42
44
42
1511
48
12
34
15
44
50
46
46
92
46
36
43
61
53
154
43
23
21
17
22
64
80
44
42
17
22
68
16
142
141
160
29
28
94
75
70
217
63
64
64
64
64
64
22
22
22
18
13
1716
2848
1716
2848
143
141
142
142
32
21
18
24
55
1667
3012
1793
3012
1694
3012
1505
22
141
142
75
75
75
76
74
69
40
57
36
1553
2958
1553
2958
86
86
79
45
75
267
60
18
18
27
76
29
30
26
26
1687
2891
1687
2891
3032
408
40
58
17
17
17
22
17
34
22
29
88
317
61
61
65
272
56
46
56
44
604
20
20
43
43
42
43
2766
2766
2766
18
18
33
33
33
63
2766
2766
2765
73
46
142
46
46
73
8
8
461
32
2875
2875
61
1660
66
61
48
35
49
23
46
32
42
49
49
49
49
49
47
49
49
49
49
49
44
1530
2958
1530
2958
1530
2958
1530
2958
1530
2958
1530
2958
1530
2958
1530
2958
153
24
23
18
1685
1530
2958
1530
2958
1530
2958
1530
2958
150
156
26
26
26
26
159
19
14
74
74
61
968
20
1530
1530
1528
1529
46
1524
1525
1496
152
192
1609
2886
1609
2886
14
28
1530
2958
1530
2958
12
43
142
141
139
17
16
136
16
24
24
24
24
24
27
66
34
24
25
16
54
54
54
54
54
54
54
54
54
54
54
54
54
54
54
54
54
54
54
54
54
54
54
54
54
54
54
54
55
54
54
54
82
81
81
81
81
58
58
55
55
40
55
40
55
54
54
54
54
54
54
54
55
54
54
54
56
56
55
54
54
55
81
110
100
77
99
89
99
96
94
104
100
110
75
75
93
110
443
412
451
491
446
451
165
165
175
207
189
189
190
186
162
160
161
154
164
215
215
215
214
210
305
284
297
246
246
337
338
339
338
338
337
91
91
91
89
90
89
89
331
65
65
77
67
74
70
74
74
74
66
66
65
66
66
70
74
66
66
48
48
48
48
48
48
45
48
48
45
45
45
45
45
43
48
48
45
45
45
44
45
48
45
45
46
45
45
117
115
115
117
114
114
117
118
117
119
118
118
116
115
114
115
116
93
45
46
46
46
46
45
45
46
45
118
48
44
44
43
115
116
49
49
49
49
49
49
49
49
49
49
43
43
43
43
43
43
43
43
43
43
43
43
43
43
43
44
43
43
43
43
43
43
43
43
43
43
43
43
43
43
43
43
43
43
43
43
43
62
62
63
64
62
62
63
63
63
63
63
63
63
64
101
101
100
101
101
101
101
100
101
100
102
101
100
101
101
100
101
100
101
101
101
100
101
489
517
517
516
64
66
222
229
236
226
225
222
216
210
202
237
551
550
551
551
551
551
551
543
551
551
553
551
75
75
75
75
76
76
76
76
76
76
75
76
76
76
76
76
76
79
75
74
75
77
76
77
77
77
77
77
73
71
71
72
73
71
75
75
76
75
76
75
75
78
78
76
76
76
75
76
76
76
76
69
72
75
75
76
76
76
75
75
75
75
77
76
76
76
76
76
76
76
76
76
76
76
74
78
76
62
71
70
76
76
76
76
76
76
76
76
76
76
76
76
76
76
76
76
76
76
77
76
76
76
74
74
74
74
74
74
76
74
74
74
75
74
74
74
76
75
74
75
75
75
70
72
68
65
70
73
75
74
74
74
75
74
74
77
77
77
77
77
75
73
76
76
76
76
76
76
77
77
78
77
77
77
77
77
77
77
76
75
75
76
76
77
77
72
72
77
77
77
77
77
77
77
76
76
76
76
76
75
74
76
73
76
76
76
67
70
68
76
76
76
76
76
76
76
76
76
76
76
76
76
76
76
76
76
87
85
87
88
88
88
86
85
89
84
87
87
87
87
87
85
87
87
86
84
88
83
85
88
83
83
85
87
85
87
87
87
84
86
74
75
75
78
74
85
85
87
85
85
85
85
87
87
84
86
87
87
86
86
85
85
87
85
85
86
76
77
76
77
76
77
77
77
77
76
77
76
64
72
76
77
77
76
76
76
77
76
76
78
76
76
75
75
75
75
77
76
77
77
77
77
75
75
75
77
77
76
74
76
77
77
77
77
77
77
77
75
78
75
75
75
75
76
78
76
76
75
75
75
75
75
72
75
75
75
75
75
75
75
75
75
75
75
76
76
76
78
77
77
76
76
77
75
77
77
77
74
76
54
57
67
72
72
71
76
75
75
76
76
76
76
76
76
76
90
88
88
88
84
90
92
93
92
90
92
90
93
88
88
88
86
90
90
54
67
71
61
61
72
61
61
85
85
85
84
85
85
84
86
86
85
85
85
85
85
85
85
85
86
85
85
85
78
85
76
75
76
75
76
76
76
76
76
75
75
74
74
72
76
76
76
78
78
78
78
78
76
76
76
77
77
76
76
77
76
75
71
72
70
77
76
77
77
76
77
76
76
76
76
76
76
76
75
77
75
76
76
75
74
76
77
77
77
74
74
74
77
70
70
75
76
75
75
75
78
78
78
78
77
76
76
77
77
77
77
77
77
77
77
77
77
77
74
76
77
72
72
72
75
75
75
75
75
75
75
75
75
75
75
75
75
75
75
75
75
75
77
84
85
85
85
85
85
85
83
90
88
86
74
76
78
77
78
76
76
76
76
76
76
76
77
76
76
92
87
87
87
70
78
75
75
78
72
78
62
72
72
77
77
72
78
80
85
65
73
71
85
84
58
78
85
85
85
85
77
77
68
73
78
78
77
76
58
72
76
78
85
75
72
77
76
60
72
78
72
75
87
88
87
87
87
117
301
304
103
90
303
155
77
306
304
305
305
305
304
305
310
301
278
269
106
268
271
205
275
266
272
273
271
271
272
270
272
270
271
268
271
271
101
101
106
93
90
101
111
155
98
111
111
301
300
105
273
301
106
106
114
113
108
108
299
300
299
299
300
299
302
108
260
263
504
299
113
280
115
106
226
116
116
290
290
106
106
99
105
302
298
274
262
268
267
326
326
169
91
90
89
136
114
300
300
85
299
302
263
106
103
86
278
300
300
299
297
299
300
297
301
302
281
162
274
93
271
271
273
318
271
381
117
114
316
298
99
299
110
170
298
92
90
66
131
113
304
316
306
113
103
99
317
301
299
301
303
307
303
303
306
298
499
411
416
76
77
84
118
118
118
279
279
275
91
302
280
277
279
299
302
302
303
304
213
304
304
304
304
302
303
303
250
274
302
303
302
118
81
103
97
315
320
320
118
310
330
313
314
315
310
310
306
97
302
302
88
92
79
81
83
82
86
82
77
83
79
83
91
92
94
102
302
103
282
105
92
102
270
101
293
299
302
318
311
304
299
102
118
162
287
308
308
308
117
119
314
315
255
309
93
320
319
307
310
302
312
312
304
288
97
299
92
101
97
81
113
117
118
297
319
319
304
104
298
300
295
105
87
87
524
533
522
448
449
523
525
525
509
118
118
118
118
298
298
256
289
116
118
118
104
161
270
270
77
77
92
82
73
77
77
301
78
77
77
309
312
308
104
94
101
299
282
283
317
275
318
102
318
266
280
267
105
299
288
98
90
298
302
204
293
306
307
306
89
89
273
276
279
290
101
104
113
111
111
290
290
98
82
83
103
117
297
108
108
270
270
117
309
306
308
308
309
305
308
266
533
81
352
364
364
341
331
360
366
371
366
366
367
360
360
360
360
360
319
319
321
362
389
355
331
390
308
308
344
347
369
426
426
378
421
356
352
355
355
355
355
355
312
361
356
360
363
360
355
355
398
398
385
397
313
313
346
397
397
393
392
348
406
387
387
387
359
362
363
315
315
377
320
320
320
376
367
369
370
370
370
370
370
370
370
370
370
368
359
359
359
361
359
356
359
359
359
359
359
366
321
425
425
418
421
423
426
417
420
420
420
361
401
404
380
383
365
366
365
376
359
356
355
350
350
358
361
361
361
361
355
387
350
378
353
385
376
377
360
386
359
254
462
236
236
294
291
404
423
424
352
348
346
349
353
360
378
378
353
366
352
352
351
350
317
314
310
310
291
291
363
364
368
367
367
367
364
365
356
356
274
284
315
314
303
305
355
355
345
355
345
350
350
343
355
289
294
313
313
348
400
373
381
363
381
304
363
363
363
363
363
363
363
363
363
363
363
363
359
361
335
374
375
421
421
421
421
421
389
344
341
344
344
412
352
356
352
356
462
283
372
396
327
330
367
365
366
366
366
366
366
366
367
370
369
350
366
386
383
383
386
386
385
1331
378
310
359
102
317
366
365
363
352
369
372
364
316
368
362
367
357
366
366
367
367
359
359
359
359
353
371
372
353
370
370
376
406
394
391
364
350
359
359
358
307
358
358
357
321
370
370
370
370
370
321
370
370
370
370
370
321
370
321
370
317
273
366
367
367
366
367
333
408
314
316
359
356
317
361
364
358
359
368
394
368
368
368
437
411
408
368
369
408
388
385
368
433
424
368
368
366
369
368
368
368
368
368
376
411
405
384
387
368
369
368
368
368
369
366
363
363
362
360
360
363
363
363
296
327
327
360
362
314
362
361
314
314
373
374
368
390
390
305
364
371
368
350
423
395
391
367
359
363
318
405
367
273
369
358
364
364
370
368
391
387
407
323
400
401
360
461
459
459
462
371
371
353
353
367
366
352
363
289
353
353
353
357
392
392
395
394
390
397
357
358
399
393
388
388
392
359
359
359
398
360
360
358
360
357
1296
1331
1328
317
380
369
326
326
317
317
318
314
267
280
352
352
318
288
292
287
291
292
292
294
372
360
360
354
389
369
363
363
363
365
363
363
363
363
363
363
363
363
1331
364
364
356
356
355
356
355
356
355
355
355
356
363
363
363
363
363
363
363
314
315
315
346
384
352
305
300
424
424
359
362
362
362
362
362
362
311
361
362
361
360
360
354
350
350
382
389
399
386
349
349
349
399
348
349
348
348
348
345
348
348
350
402
349
354
348
350
350
350
350
351
394
394
396
461
462
462
399
463
396
463
460
356
400
344
344
348
355
386
372
356
357
357
353
351
349
349
350
358
367
264
267
264
266
265
265
351
354
398
369
364
363
363
363
362
363
362
363
362
363
364
364
364
364
364
364
363
363
363
363
366
363
360
360
356
390
397
375
374
359
360
360
360
360
358
360
360
359
360
367
372
373
372
359
369
368
356
356
344
384
354
357
357
369
364
316
408
359
359
378
379
379
346
366
332
333
362
372
347
413
386
356
367
366
367
367
368
368
367
365
308
305
307
300
369
397
397
397
397
355
355
355
355
355
381
381
363
381
381
364
364
364
364
364
364
304
