556
526
468
539
526
454
487
543
456
456
429
394
430
605
506
506
908
607
1058
1036
268
373
270
251
736
265
494
1053
1844
924
336
575
550
554
554
510
554
554
450
443
408
428
425
425
408
357
360
468
480
518
479
504
572
283
308
497
267
267
265
274
526
640
476
448
515
436
396
423
426
461
387
255
211
221
240
229
328
218
439
462
573
442
375
355
381
448
409
390
433
380
1155
392
1017
476
796
960
1107
561
437
240
210
260
259
234
371
423
415
451
451
447
451
429
602
1424
846
285
880
1710
1180
1524
2630
1860
1443
2154
1381
1210
611
373
623
555
617
679
646
343
1399
1780
1031
503
566
537
523
18
19
14
315
22
314
19
19
22
222
222
