27
44
38
24
27
36
22
25
26
42
27
24
224
48
150
79
49
40
146
76
72
73
76
73
75
150
32
232
74
81
67
67
49
74
42
232
232
229
304
42
31
128
74
74
42
225
29
76
74
74
74
74
75
75
188
64
228
74
38
29
29
176
12
71
68
31
31
31
31
36
74
72
23
25
42
42
156
156
27
27
150
152
152
248
66
75
71
71
71
71
152
44
42
42
42
42
42
42
42
42
13
76
272
42
42
49
49
49
49
49
47
49
49
49
49
49
19
14
74
74
968
46
152
12
136
16
24
43
43
43
43
43
43
43
43
43
43
43
43
43
43
43
44
43
43
43
43
43
43
43
43
43
43
43
43
43
43
43
43
43
43
43
43
43
62
62
63
64
62
62
63
63
63
63
63
63
63
64
64
66
222
229
236
226
225
222
216
210
202
237
551
550
551
551
551
551
551
543
551
551
553
551
